City Name,Latitude,Longitude,Max Temperature,Humidity,Cloudiness,Wind Speed,Country,Datetime
Río Gallegos,-51.6226,-69.2181,41.05,52,0,23.02,AR,-10800
Chokurdakh,70.6333,147.9167,-2.22,98,100,6.51,RU,39600
Hilo,19.7297,-155.09,85.28,70,1,9.22,US,-36000
Tasiilaq,65.6145,-37.6368,32.16,94,100,8.99,GL,-7200
Natal,-5.795,-35.2094,79.66,76,35,11.03,BR,-10800
Arraial do Cabo,-22.9661,-42.0278,71.19,86,0,32.68,BR,-10800
Bredasdorp,-34.5322,20.0403,48.27,76,24,2.06,ZA,7200
Laas,46.6166,10.7002,38.62,49,7,2.15,IT,7200
Ushuaia,-54.8,-68.3,35.26,80,90,18.41,AR,-10800
Torbay,47.6666,-52.7314,59.68,95,100,1.01,CA,-9000
Atuona,-9.8,-139.0333,78.35,77,13,17.65,PF,-34200
Pimentel,-6.8367,-79.9342,63.82,85,56,15.05,PE,-18000
Kapaa,22.0752,-159.319,85.98,75,75,5.99,US,-36000
Albany,42.6001,-73.9662,48.81,72,96,5.26,US,-14400
Bitung,1.4451,125.1824,81.45,73,100,2.59,ID,28800
Rikitea,-23.1203,-134.9692,75.16,79,90,18.61,PF,-32400
Cape Town,-33.9258,18.4232,56.12,72,15,5.44,ZA,7200
Margate,51.3813,1.3862,55.31,78,47,4.0,GB,3600
Bethel,41.3712,-73.414,55.71,73,90,0.0,US,-14400
General Roca,-39.0333,-67.5833,66.61,28,3,37.24,AR,-10800
Mareeba,-17.0,145.4333,86.32,59,42,8.9,AU,36000
Cedral,23.8,-100.7333,74.14,39,20,6.76,MX,-18000
Soure,-0.7167,-48.5233,80.94,81,98,8.88,BR,-10800
Cidreira,-30.1811,-50.2056,64.83,91,100,8.7,BR,-10800
Sal Rei,16.1833,-22.9167,78.39,73,2,16.78,CV,-3600
Busselton,-33.65,115.3333,64.04,66,95,4.76,AU,28800
Port Alfred,-33.5906,26.891,59.05,67,3,17.22,ZA,7200
Yellowknife,62.456,-114.3525,42.42,86,79,15.01,CA,-21600
Geraldton,-28.7667,114.6,61.21,82,20,1.14,AU,28800
Misratah,32.3754,15.0925,77.29,50,100,13.22,LY,7200
Samarai,-10.6167,150.6667,80.91,81,61,12.03,PG,36000
Esperance,-33.8667,121.9,62.42,49,7,18.1,AU,28800
Eureka,40.8021,-124.1637,64.13,72,99,8.99,US,-25200
Calabozo,8.9242,-67.4293,82.9,60,100,4.36,VE,-14400
San Quintín,30.4833,-115.95,64.98,70,35,20.94,MX,-25200
Bengkulu,-3.8004,102.2655,77.23,86,90,2.55,ID,25200
Port-Gentil,-0.7193,8.7815,77.68,85,89,9.78,GA,3600
La Ronge,55.1001,-105.2842,39.15,66,10,14.76,CA,-21600
Mataura,-46.1927,168.8643,58.46,80,100,1.3,NZ,46800
Kahului,20.8947,-156.47,84.22,67,40,23.02,US,-36000
New Norfolk,-42.7826,147.0587,52.72,77,100,3.0,AU,39600
Butaritari,3.0707,172.7902,81.14,73,98,8.19,KI,43200
Tuatapere,-46.1333,167.6833,57.22,83,100,1.07,NZ,46800
Port Hardy,50.6996,-127.4199,49.55,83,54,13.02,CA,-25200
Tiksi,71.6872,128.8694,1.42,96,100,9.84,RU,32400
Barra de Tecoanapa,16.5167,-98.75,74.21,91,100,4.83,MX,-18000
Souillac,-20.5167,57.5167,74.35,75,40,11.12,MU,14400
Nikolskoye,59.7035,30.7861,35.78,90,99,9.95,RU,10800
Bluff,-46.6,168.3333,52.3,92,100,1.81,NZ,46800
Cayenne,4.9333,-52.3333,78.1,89,75,0.0,GF,-10800
Les Cayes,18.2,-73.75,79.39,78,38,4.59,HT,-14400
Thompson,55.7435,-97.8558,36.55,70,100,4.52,CA,-18000
Hobart,-42.8794,147.3294,53.06,77,75,5.99,AU,39600
Yarmouth,41.7057,-70.2286,57.31,89,90,8.99,US,-14400
São João da Barra,-21.6403,-41.0511,72.88,85,5,20.07,BR,-10800
Inhambane,-23.865,35.3833,73.98,88,0,16.15,MZ,7200
Mahébourg,-20.4081,57.7,74.25,77,72,12.71,MU,14400
George Town,5.4112,100.3354,79.9,88,20,0.0,MY,28800
Avarua,-21.2078,-159.775,75.25,57,75,11.5,CK,-36000
Barrow,71.2906,-156.7887,28.42,86,90,11.5,US,-28800
Kurumkan,54.3,110.3,32.0,77,91,2.26,RU,28800
Qaanaaq,77.484,-69.3632,-0.81,57,0,8.08,GL,-10800
Iqaluit,63.7506,-68.5145,31.73,80,90,11.01,CA,-14400
Springbok,-29.6643,17.8865,46.71,75,0,7.18,ZA,7200
Castro,-24.7911,-50.0119,61.38,92,100,5.68,BR,-10800
Kintinku,-5.8833,35.2333,76.8,50,34,4.7,TZ,10800
Shubarshi,48.5872,57.1869,44.38,36,4,10.25,KZ,18000
Port Macquarie,-31.4333,152.9167,82.89,64,10,16.96,AU,39600
Saint-Philippe,-21.3585,55.7679,74.75,84,48,11.54,RE,14400
Marzuq,14.4,46.4667,68.02,34,20,2.13,YE,10800
Meulaboh,4.1363,96.1285,77.02,86,100,3.33,ID,25200
Jamame,0.0722,42.7506,75.09,85,4,4.34,SO,10800
Nanortalik,60.1432,-45.2371,35.92,68,31,14.32,GL,-7200
Jiwani,25.05,61.7417,78.26,75,0,2.75,PK,18000
Airai,-8.9266,125.4092,73.51,46,57,1.41,TL,32400
Turukhansk,65.8167,87.9833,32.5,98,100,12.15,RU,25200
Shingū,33.7333,135.9833,61.25,46,22,3.58,JP,32400
Ribeira Grande,38.5167,-28.7,67.48,64,21,11.88,PT,0
Hasaki,35.7333,140.8333,59.4,51,22,5.23,JP,32400
Naze,28.3667,129.4833,63.52,64,99,21.21,JP,32400
East London,-33.0153,27.9116,59.9,64,47,18.54,ZA,7200
Provideniya,64.3833,-173.3,25.81,77,100,8.21,RU,43200
Kangaatsiaq,68.3065,-53.4641,25.48,83,99,6.67,GL,-7200
Dikson,73.5069,80.5464,8.69,87,100,13.58,RU,25200
Sobolevo,54.4299,31.8996,39.63,81,97,14.16,RU,10800
Hermanus,-34.4187,19.2345,55.9,68,34,2.98,ZA,7200
Kumul,42.8,93.45,47.28,45,100,3.42,CN,28800
Saskylakh,71.9167,114.0833,7.29,94,100,15.48,RU,32400
Hastings,50.8552,0.5729,57.9,60,35,16.71,GB,3600
Sioux Lookout,50.1001,-91.917,34.83,84,99,5.66,CA,-18000
Eyl,7.9803,49.8164,76.82,80,15,6.87,SO,10800
Tura,25.5198,90.2201,64.62,79,23,3.22,IN,19800
Sun Valley,39.5963,-119.776,53.04,58,90,5.99,US,-25200
Champerico,14.3,-91.9167,86.34,78,75,8.12,GT,-21600
Jamestown,42.097,-79.2353,45.01,95,90,4.0,US,-14400
Vardø,70.3705,31.1107,35.13,67,87,23.62,NO,7200
Nouadhibou,20.931,-17.0347,68.2,81,0,18.66,MR,0
Venado Tuerto,-33.7456,-61.9688,57.76,34,13,7.81,AR,-10800
Bagdarin,54.4333,113.6,29.34,63,48,1.99,RU,28800
Banjar,-8.19,114.9675,80.46,58,85,1.97,ID,28800
Te Anau,-45.4167,167.7167,57.74,77,100,0.89,NZ,46800
Ponta do Sol,32.6667,-17.1,70.43,64,21,6.89,PT,3600
Tuktoyaktuk,69.4541,-133.0374,25.81,93,53,3.0,CA,-21600
Saint Paul Harbor,57.79,-152.4072,45.91,76,90,10.36,US,-28800
Hambantota,6.1241,81.1185,78.55,81,42,12.37,LK,19800
Kattivākkam,13.2167,80.3167,80.69,82,96,4.32,IN,19800
Bathsheba,13.2167,-59.5167,83.01,69,40,23.02,BB,-14400
Poum,-20.2333,164.0167,74.19,78,5,7.83,NC,39600
Marfino,55.7028,37.3822,40.95,81,75,8.95,RU,10800
Lavrentiya,65.5833,-171.0,24.48,84,100,9.69,RU,43200
Slantsy,59.1182,28.0914,36.0,83,98,8.93,RU,10800
Prado,-17.3411,-39.2208,75.11,87,64,5.75,BR,-10800
Tuy Hoa,13.0833,109.3,76.87,93,100,8.01,VN,25200
Nuevitas,21.5453,-77.2644,78.24,88,88,5.23,CU,-14400
Cabo San Lucas,22.8909,-109.9124,87.62,66,1,7.0,MX,-21600
Punta Arenas,-53.15,-70.9167,35.71,87,20,18.41,CL,-10800
Simões,-7.5989,-40.8178,79.99,63,87,4.7,BR,-10800
Leh,34.1667,77.5833,30.0,90,98,2.39,IN,19800
Kutum,14.2,24.6667,74.82,24,48,14.27,SD,7200
Kīhei,20.785,-156.4656,84.22,67,40,23.02,US,-36000
Anchorage,61.2181,-149.9003,47.86,75,20,3.0,US,-28800
Killybegs,54.6333,-8.45,55.02,91,100,19.19,IE,3600
Itarema,-2.9248,-39.9167,80.13,80,71,14.09,BR,-10800
Kuah,6.3265,99.8432,80.02,80,99,3.22,MY,28800
Ayan,56.45,138.1667,39.16,64,19,5.32,RU,36000
Corinth,37.9407,22.9573,69.46,81,7,3.6,GR,10800
Hithadhoo,-0.6,73.0833,82.69,70,86,12.3,MV,18000
Saint-François,46.4154,3.9054,34.68,100,0,3.44,FR,7200
Bubaque,11.2833,-15.8333,83.08,73,99,10.49,GW,0
Clyde River,70.4692,-68.5914,18.91,81,92,13.51,CA,-14400
Maiduguri,11.8464,13.1603,81.1,23,23,3.78,NG,3600
Chapais,49.7834,-74.8492,31.69,84,100,0.87,CA,-14400
Kachug,53.9606,105.8817,34.65,91,100,2.06,RU,28800
Yerbogachën,61.2767,108.0108,29.86,83,61,10.8,RU,28800
Roald,62.5833,6.1333,50.14,66,20,8.05,NO,7200
Yangi Marg`ilon,40.4272,71.7189,40.42,34,0,2.39,UZ,18000
Broome,42.2506,-75.833,46.2,85,75,0.0,US,-14400
Sakaraha,-22.9,44.5333,62.87,88,0,1.66,MG,10800
São Félix do Xingu,-6.6447,-51.995,74.3,89,99,1.41,BR,-10800
Olafsvik,64.8945,-23.7142,45.57,82,100,11.12,IS,0
San Ignacio,17.1561,-89.0714,78.94,83,40,0.0,BZ,-21600
Praia,14.9215,-23.5087,78.37,72,8,13.35,CV,-3600
Awjilah,29.1081,21.2869,71.2,36,24,11.99,LY,7200
Waingapu,-9.6567,120.2641,82.35,69,43,1.79,ID,28800
Johnstown,40.3267,-78.922,49.53,91,20,6.91,US,-14400
Dankov,53.2515,39.1555,34.34,66,24,12.35,RU,10800
Le Port,-20.9373,55.2919,75.16,93,14,12.39,RE,14400
Avera,33.194,-82.5271,65.71,54,0,3.6,US,-14400
St. George's,12.0564,-61.7485,81.39,73,49,17.29,GD,-14400
Kalabo,-14.97,22.6814,76.35,51,67,4.03,ZM,7200
Norman Wells,65.282,-126.8329,31.21,94,55,2.37,CA,-21600
Alofi,-19.0595,-169.9187,74.28,66,52,22.75,NU,-39600
Husavik,66.0449,-17.3389,40.21,96,100,4.47,IS,0
Sabha,27.0377,14.4283,78.96,18,75,13.29,LY,7200
Sadasivpet,17.6212,77.9503,72.41,72,97,0.65,IN,19800
Khatanga,71.9667,102.5,9.64,91,100,16.8,RU,25200
Half Moon Bay,37.4636,-122.4286,68.63,71,90,1.01,US,-25200
Cap Malheureux,-19.9842,57.6142,74.46,75,93,4.0,MU,14400
Spearfish,44.4908,-103.8594,51.31,80,75,3.44,US,-21600
Uromi,6.7,6.3333,69.42,97,97,1.01,NG,3600
Puerto Ayora,-0.7393,-90.3518,69.26,87,90,9.22,EC,-21600
Manokwari,-0.8667,134.0833,82.78,68,69,3.27,ID,32400
Carnarvon,-24.8667,113.6333,75.27,64,0,11.5,AU,28800
Kaitangata,-46.2817,169.8464,53.76,81,100,3.27,NZ,46800
Berlevåg,70.8578,29.0864,36.72,63,100,24.43,NO,7200
Flin Flon,54.7682,-101.865,38.32,72,100,10.09,CA,-18000
Daloa,6.8774,-6.4502,71.17,99,89,2.15,CI,0
Oistins,13.0667,-59.5333,82.49,69,40,23.02,BB,-14400
Salalah,17.0151,54.0924,73.49,64,0,5.75,OM,14400
Lorengau,-2.0226,147.2712,84.6,71,75,10.74,PG,36000
Vágur,61.4732,-6.8119,49.14,95,82,18.45,FO,3600
Cherskiy,68.75,161.3,-5.03,100,95,3.85,RU,39600
Nyurba,63.2842,118.3319,32.88,83,96,11.25,RU,32400
Tautira,-17.7333,-149.15,82.42,84,100,17.85,PF,-36000
Hofn,64.2539,-15.2082,45.18,77,92,5.95,IS,0
Toora-Khem,52.4675,96.11,28.85,94,90,1.74,RU,25200
Codrington,-38.2667,141.9667,52.11,67,56,14.97,AU,39600
Deputatsky,69.3,139.9,-2.51,98,100,2.35,RU,36000
Moose Factory,51.2585,-80.6094,37.38,100,90,8.05,CA,-14400
Beringovskiy,63.05,179.3167,13.01,73,3,8.01,RU,43200
Oussouye,12.485,-16.5469,77.32,83,81,2.53,SN,0
Balkhash,46.844,74.9804,41.09,64,0,2.24,KZ,21600
Āsmār,35.0333,71.3581,54.43,37,4,6.85,AF,16200
Puerto Peñasco,31.3167,-113.5333,77.92,78,56,8.99,MX,-25200
Mackay,-21.15,149.2,87.67,69,76,8.16,AU,36000
Coyhaique,-45.5752,-72.0662,38.66,96,54,7.25,CL,-10800
Tarata,-17.6167,-66.0167,74.62,53,96,7.38,BO,-14400
Talnakh,69.4865,88.3972,23.22,93,100,6.33,RU,25200
Taitung City,22.7583,121.1444,75.47,69,20,9.22,TW,28800
Mount Gambier,-37.8333,140.7667,52.88,60,87,10.16,AU,37800
Sorong,-0.8833,131.25,82.2,79,93,9.4,ID,32400
Kavieng,-2.5744,150.7967,85.66,67,68,11.74,PG,36000
Korla,41.7597,86.1469,49.35,38,100,4.5,CN,28800
Rabo de Peixe,37.8,-25.5833,63.91,77,20,4.61,PT,0
Terra Santa,-2.1042,-56.4869,78.49,82,100,3.11,BR,-10800
Hay River,60.8156,-115.7999,44.26,77,85,9.44,CA,-21600
Krasnystaw,50.9846,23.1742,41.2,93,12,7.72,PL,7200
San Vicente,-26.6167,-54.1333,60.89,99,100,3.58,AR,-10800
Shimoda,34.6667,138.95,60.1,60,69,10.56,JP,32400
Safranbolu,41.2508,32.6942,50.63,70,85,0.74,TR,10800
Sabang,5.8933,95.3214,80.89,76,97,2.39,ID,25200
Pangnirtung,66.1451,-65.7125,24.13,86,98,5.82,CA,-14400
Livingston,55.9029,-3.5226,54.14,80,90,16.11,GB,3600
Peruíbe,-24.32,-46.9983,68.61,92,85,1.95,BR,-10800
Hong Kong,22.2855,114.1577,69.33,76,87,1.99,HK,28800
Kailua,21.4022,-157.7394,89.58,65,40,10.36,US,-36000
Isangel,-19.55,169.2667,80.71,78,75,9.22,VU,39600
City of San Pedro,14.35,121.0167,78.35,91,100,7.45,PH,28800
Adrar,20.5022,-10.0711,82.89,16,35,7.34,MR,0
Qarchī Gak,37.04,66.7889,41.09,39,0,11.05,AF,16200
Saint-Joseph,-21.3667,55.6167,73.76,82,28,5.55,RE,14400
Gornopravdinsk,60.05,69.9,39.18,76,94,11.45,RU,18000
Galle,6.0367,80.217,80.82,75,53,11.68,LK,19800
Hirara,24.8,125.2833,76.62,66,90,17.63,JP,32400
Āsosa,10.0667,34.5333,62.4,64,28,4.38,ET,10800
Huntsville,34.7304,-86.5861,64.76,79,1,4.0,US,-18000
Jishou,28.3167,109.7167,52.63,75,0,0.29,CN,28800
Mar del Plata,-38.0023,-57.5575,55.99,68,40,5.99,AR,-10800
Sitka,57.0531,-135.33,48.09,66,90,10.36,US,-28800
Kalasin,16.5,103.5,74.05,99,94,5.03,TH,25200
Bonavista,48.6499,-53.1147,51.26,100,100,4.05,CA,-9000
Ancud,-41.8697,-73.8203,47.73,75,17,8.9,CL,-10800
Cocorit,27.5833,-109.9667,86.34,35,0,13.53,MX,-25200
Novaya Ladoga,60.1025,32.3019,36.0,80,100,12.84,RU,10800
Sémbé,1.6481,14.5806,70.14,99,96,1.54,CG,3600
Thayetmyo,19.3167,95.1833,73.24,96,98,0.11,MM,23400
Olinda,-8.0089,-34.8553,79.29,79,24,10.96,BR,-10800
Mandalgovi,45.7625,106.2708,35.2,35,58,6.58,MN,28800
Fallon,39.4735,-118.7774,55.27,58,75,4.61,US,-25200
Cuiluan,47.72,128.648,40.84,55,6,4.0,CN,28800
Ust-Tsilma,65.441,52.1498,21.88,97,19,4.38,RU,10800
Vaini,-21.2,-175.2,78.96,73,20,11.5,TO,46800
Abéché,13.8292,20.8324,82.69,20,37,15.21,TD,3600
Wukari,7.85,9.7833,72.19,91,44,3.2,NG,3600
Mitsamiouli,-11.3847,43.2844,77.85,78,20,8.19,KM,10800
Pozo Colorado,-23.4923,-58.7972,72.7,92,78,12.12,PY,-10800
Mana,5.6592,-53.7767,77.7,90,99,10.29,GF,-10800
Tonshayevo,57.736,47.0127,40.51,77,98,6.8,RU,10800
Casimiro de Abreu,-22.4806,-42.2042,70.41,92,4,6.85,BR,-10800
Kardamena,36.7814,27.1425,63.88,72,0,4.61,GR,10800
Halifax,44.6453,-63.5724,62.49,97,100,1.01,CA,-10800
Kampot,10.6167,104.1833,80.65,88,98,7.96,KH,25200
Carutapera,-1.195,-46.02,78.67,82,92,5.91,BR,-10800
Tacuarembó,-31.7333,-55.9833,57.45,95,94,9.8,UY,-10800
Florence,43.7667,11.25,63.64,74,0,2.3,IT,7200
Aksarka,66.5606,67.7975,27.72,83,95,16.28,RU,18000
Berdigestyakh,62.0989,126.6992,34.36,98,100,8.57,RU,32400
Salinas,36.6777,-121.6555,67.41,63,1,8.05,US,-25200
Capão da Canoa,-29.7456,-50.0097,65.75,94,100,9.44,BR,-10800
Bayshore Gardens,27.4253,-82.5904,82.09,70,20,0.0,US,-14400
Vanavara,60.34,102.2797,30.65,94,100,12.15,RU,25200
Grindavik,63.8424,-22.4338,46.87,100,90,9.22,IS,0
Kiunga,-6.1219,141.2906,86.41,64,69,3.6,PG,36000
Lebu,-37.6167,-73.65,50.58,92,14,8.34,CL,-10800
Rundu,-17.9333,19.7667,79.02,41,91,1.61,NA,7200
Fortuna,40.5982,-124.1573,63.86,81,20,5.01,US,-25200
Katsuura,35.1333,140.3,63.19,58,55,7.29,JP,32400
Ngunguru,-35.6167,174.5,64.17,97,100,21.25,NZ,46800
Pindiga,9.9833,10.9333,73.51,85,79,3.02,NG,3600
Puerto Madryn,-42.7692,-65.0385,62.73,18,85,23.55,AR,-10800
Ahipara,-35.1667,173.1667,63.73,87,77,7.96,NZ,46800
Kamenka,51.3223,42.7678,41.2,73,14,7.56,RU,10800
Rocha,-34.4833,-54.3333,55.51,96,76,9.66,UY,-10800
Lompoc,34.6391,-120.4579,72.41,76,1,14.97,US,-25200
Mount Isa,-20.7333,139.5,87.57,37,75,4.61,AU,36000
Agüimes,27.9054,-15.4461,68.67,59,75,10.36,ES,3600
Esim,4.8699,-2.2405,77.36,86,93,4.27,GH,0
Khrebtovaya,56.7032,104.2494,28.22,87,98,7.67,RU,28800
Dwārka,22.2394,68.9678,80.1,67,35,15.95,IN,19800
Vredendal,-31.6683,18.5012,55.9,77,0,3.87,ZA,7200
Guerrero Negro,27.9769,-114.0611,68.94,70,1,18.03,MX,-21600
Den Helder,52.9599,4.7593,52.99,88,90,11.99,NL,7200
Aklavik,68.2191,-135.0107,24.21,94,63,2.59,CA,-21600
Darhan,49.4867,105.9228,35.31,54,100,4.81,MN,28800
Nabire,-3.3667,135.4833,80.51,85,91,0.4,ID,32400
Saint George,37.1041,-113.5841,74.62,26,1,1.01,US,-21600
Auki,-8.7676,160.7034,86.72,64,35,4.5,SB,39600
Araouane,18.9048,-3.5265,84.96,21,5,7.9,ML,0
Ust'-Ilimsk,58.0006,102.6619,35.62,70,97,13.04,RU,28800
Mēga,4.05,38.3,63.48,66,63,4.92,ET,10800
Marang,5.2056,103.2059,77.83,88,71,3.36,MY,28800
Bambous Virieux,-20.3428,57.7575,74.21,73,81,13.94,MU,14400
Zhezkazgan,47.8043,67.7144,41.36,43,15,7.27,KZ,21600
Luanda,-8.8368,13.2343,75.04,79,100,6.91,AO,3600
Nome,64.5011,-165.4064,33.87,69,75,4.61,US,-28800
Yulara,-25.2406,130.9889,73.24,25,75,20.71,AU,34200
Ilulissat,69.2167,-51.1,21.22,79,75,16.11,GL,-7200
Port Hedland,-20.3167,118.5667,93.25,12,91,19.57,AU,28800
Namatanai,-3.6667,152.4333,85.78,66,37,6.98,PG,36000
Pogranichnyy,44.4064,131.3769,47.21,44,0,4.16,RU,36000
Pangoa,-12.1167,-73.0,77.61,68,93,3.42,PE,-18000
Mufulira,-12.5498,28.2407,73.33,41,76,1.01,ZM,7200
Port Elizabeth,-33.918,25.5701,58.48,64,6,14.14,ZA,7200
Wahiawā,21.5028,-158.0236,86.32,53,1,19.57,US,-36000
Skibbereen,51.55,-9.2667,57.0,91,100,14.12,IE,3600
Iaciara,-14.0958,-46.6317,80.06,55,90,4.88,BR,-10800
Djibo,14.1022,-1.6306,88.0,41,85,13.06,BF,0
Swan Hill,-35.3378,143.5544,61.29,39,0,12.15,AU,39600
Los Baños,14.1667,121.1833,77.81,87,100,7.52,PH,28800
Severomuysk,56.1481,113.4267,16.7,82,91,4.29,RU,28800
Chuka,-0.3332,37.6459,64.02,70,54,3.0,KE,10800
Cedar Lake,41.3648,-87.4411,50.63,71,41,6.8,US,-18000
Toowoomba,-27.55,151.9667,77.25,40,100,8.01,AU,36000
Leavenworth,39.2333,-95.0336,60.31,88,94,4.0,US,-18000
Tateyama,34.9833,139.8667,63.1,52,62,7.56,JP,32400
Harper,4.375,-7.7169,77.14,88,79,7.27,LR,0
Evanston,42.0411,-87.6901,50.99,65,20,6.91,US,-18000
Geoagiu,45.9167,23.2,40.75,72,21,2.01,RO,10800
Sembakung,3.8167,117.25,74.23,95,100,1.99,ID,28800
Altamont,42.2068,-121.7372,46.24,76,90,9.22,US,-25200
Nortelândia,-14.4547,-56.8028,84.18,55,95,5.93,BR,-14400
Sampit,-2.5333,112.95,78.91,89,78,0.76,ID,25200
Khovd,48.0056,91.6419,32.58,46,1,6.98,MN,25200
Lisala,2.15,21.5167,70.21,99,94,1.34,CD,3600
Najrān,17.4924,44.1277,63.05,31,8,1.32,SA,10800
Dauphin,51.1494,-100.0502,38.12,69,34,10.18,CA,-18000
Kieta,-6.2167,155.6333,84.31,73,18,5.7,PG,39600
West Monroe,32.5185,-92.1476,77.72,70,1,3.44,US,-18000
Şabrātah,32.7933,12.4885,76.42,51,100,8.61,LY,7200
Usogorsk,63.4106,48.6872,23.81,97,46,2.66,RU,10800
Upernavik,72.7868,-56.1549,18.88,87,100,12.75,GL,-7200
Kaeo,-35.1,173.7833,64.33,98,97,5.59,NZ,46800
Grootfontein,-19.5667,18.1167,69.31,10,0,11.1,NA,7200
Ampanihy,-24.7,44.75,67.17,76,0,5.48,MG,10800
Corning,42.1428,-77.0547,47.5,93,1,0.0,US,-14400
Mpongwe,-13.5091,28.155,78.1,32,99,5.79,ZM,7200
Peñarroya-Pueblonuevo,38.3,-5.2667,58.44,48,43,2.1,ES,7200
Acapulco de Juárez,16.8634,-99.8901,73.22,94,90,13.8,MX,-18000
Gizo Government Station,-8.103,156.8419,84.9,69,28,11.25,SB,39600
Wuning,29.2589,120.2311,56.5,94,100,2.42,CN,28800
Ciudad Bolivar,8.1222,-63.5497,78.13,84,82,10.47,VE,-14400
Kununurra,-15.7667,128.7333,87.78,62,40,8.05,AU,28800
Mazatlán,23.2167,-106.4167,86.02,84,1,4.0,MX,-21600
Cockburn Town,21.4612,-71.1419,83.08,71,57,19.69,TC,-14400
Corner Brook,48.9667,-57.9484,53.22,98,100,2.98,CA,-9000
Iringa,-7.7667,35.7,59.95,74,16,4.94,TZ,10800
Kavaratti,10.5669,72.642,81.27,75,94,2.95,IN,19800
Mayo,38.8876,-76.5119,61.29,86,1,3.44,US,-14400
Williams Lake,52.1415,-122.1445,45.23,52,78,1.99,CA,-25200
Kenai,60.5544,-151.2583,47.03,65,20,18.41,US,-28800
Santa Lucía,27.9117,-15.5407,63.77,57,75,10.36,ES,3600
Dingle,10.9995,122.6711,78.4,89,100,4.09,PH,28800
Phan Thiet,10.9333,108.1,78.3,83,89,3.33,VN,25200
Hervey Bay,-25.2986,152.8535,89.71,61,79,5.55,AU,36000
Gao,16.6362,1.637,87.48,35,87,7.05,ML,0
Yeppoon,-23.1333,150.7333,83.98,61,48,7.09,AU,36000
Ayagoz,47.9714,80.4392,33.48,55,95,8.61,KZ,21600
Marsala,37.7966,12.4352,69.55,72,100,4.47,IT,7200
Krasnorechenskiy,44.6265,135.3532,44.26,50,0,7.76,RU,36000
Ginda,30.6945,78.4932,49.77,59,43,5.17,IN,19800
Whitehorse,60.7161,-135.0538,43.02,60,98,8.99,CA,-25200
Chui,-33.6971,-53.4616,56.82,87,93,7.18,UY,-10800
Kihurio,-4.4667,38.0667,69.48,87,52,1.7,TZ,10800
Solnechnyy,50.7214,136.6319,40.41,70,0,1.81,RU,36000
Lanigan,51.8501,-105.0344,42.37,53,60,16.55,CA,-21600
Luchegorsk,46.4764,134.2569,43.0,55,0,8.16,RU,36000
Makakilo City,21.3469,-158.0858,88.12,48,1,9.22,US,-36000
Vanimo,-2.6741,141.3028,84.61,66,53,7.23,PG,36000
Bambari,5.768,20.6757,72.43,90,96,2.64,CF,3600
Nago,26.5881,127.9761,75.27,66,88,7.52,JP,32400
Waverly,42.7392,-84.6208,48.69,85,90,0.0,US,-14400
Sørland,67.667,12.6934,41.83,69,100,4.79,NO,7200
Buraidah,26.326,43.975,75.65,18,0,10.51,SA,10800
Beşikdüzü,41.052,39.2284,55.29,61,1,5.3,TR,10800
Longyearbyen,78.2186,15.6401,19.24,73,20,4.61,SJ,7200
New Lagao,6.7028,124.6414,78.96,85,98,1.25,PH,28800
Athabasca,54.7169,-113.2854,34.3,98,100,7.05,CA,-21600
Henties Bay,-22.116,14.2845,57.85,93,0,9.19,NA,7200
Erzin,36.9559,36.2,57.92,59,0,2.37,TR,10800
Arlit,18.7369,7.3853,84.47,14,4,8.61,NE,3600
Priyutnoye,46.1011,43.5072,53.65,74,100,8.3,RU,10800
Severo-Kuril'sk,50.6789,156.125,40.78,83,70,12.48,RU,39600
Price,39.5994,-110.8107,52.86,54,75,0.0,US,-21600
São Filipe,14.8961,-24.4956,79.63,68,13,8.12,CV,-3600
Pontes e Lacerda,-15.2261,-59.3353,86.54,48,36,9.37,BR,-14400
Fairbanks,64.8378,-147.7164,42.76,71,1,0.0,US,-28800
Novo Aripuanã,-5.1206,-60.3797,81.79,69,82,2.66,BR,-14400
Natá,8.3333,-80.5167,77.47,90,91,7.25,PA,-18000
Stykkisholmur,65.0757,-22.7297,43.77,82,100,7.18,IS,0
Qasigiannguit,68.8193,-51.1922,21.45,95,100,3.56,GL,-7200
Comodoro Rivadavia,-45.8667,-67.5,57.06,21,0,26.46,AR,-10800
Cangzhou,38.3167,116.8667,50.65,59,16,4.18,CN,28800
Xingyi,24.1877,102.817,53.04,97,100,2.24,CN,28800
Srīvardhan,18.0333,73.0167,74.59,87,11,7.09,IN,19800
Klaksvík,62.2266,-6.589,49.12,84,59,14.65,FO,3600
Ambon City,-3.6954,128.1814,82.54,78,20,2.3,ID,32400
Faanui,-16.4833,-151.75,79.09,75,100,10.89,PF,-36000
Zhigansk,66.7697,123.3711,25.81,95,100,5.79,RU,32400
Rāmshīr,30.8946,49.4092,76.06,15,9,6.06,IR,12600
Calama,-22.4667,-68.9333,50.85,31,0,5.32,CL,-10800
Sucúa,-2.4667,-78.1667,70.57,97,95,2.44,EC,-18000
Havre-St-Pierre,50.2334,-63.5986,45.81,89,100,9.62,CA,-14400
Saint-Pierre,-21.3393,55.4781,74.84,81,75,6.91,RE,14400
Samoded,63.6083,40.5111,24.44,96,100,3.47,RU,10800
Mugur-Aksy,50.35,90.5,23.67,65,84,6.06,RU,25200
At-Bashi,41.1702,75.8106,23.95,38,0,2.73,KG,21600
Bilibino,68.0546,166.4372,-6.45,98,96,0.83,RU,43200
Feni,23.0186,91.41,71.17,90,42,3.56,BD,21600
Rome,43.2128,-75.4557,47.95,82,90,4.61,US,-14400
Fort Nelson,58.8053,-122.7002,45.34,74,69,5.82,CA,-25200
Karratha,-20.7377,116.8463,87.26,25,94,7.29,AU,28800
Necochea,-38.5473,-58.7368,49.03,58,9,17.25,AR,-10800
Mahibadhoo,3.7833,72.9667,82.85,70,70,14.5,MV,18000
Bakchar,57.0186,82.0711,45.43,87,100,14.52,RU,25200
Warmbad,-28.45,18.7333,53.64,59,0,7.4,NA,7200
Makokou,0.5738,12.8642,68.65,99,100,2.51,GA,3600
Lata,40.1629,-8.3327,57.81,68,22,2.26,PT,3600
Barcelos,41.5388,-8.6151,56.91,79,24,2.71,PT,3600
Gravdal,68.1214,13.5031,37.99,85,100,11.36,NO,7200
Hongjiang,27.11,109.9956,54.23,85,19,3.04,CN,28800
Suntar,62.1444,117.6319,34.25,76,87,10.36,RU,32400
Nicoya,10.1483,-85.452,75.16,93,97,1.79,CR,-21600
Katy,29.7858,-95.8244,75.51,83,75,1.01,US,-18000
Kruisfontein,-34.0033,24.7314,53.26,69,15,10.54,ZA,7200
Brae,60.3964,-1.353,53.51,88,100,21.65,GB,3600
Asău,46.4333,26.4,46.4,60,99,1.21,RO,10800
Novokayakent,42.3937,47.9861,44.65,78,0,2.13,RU,10800
Palāsa,18.7667,84.4167,72.55,70,74,3.56,IN,19800
Bay Roberts,47.5999,-53.2648,60.44,96,100,5.01,CA,-9000
Pevek,69.7008,170.3133,9.23,93,100,6.58,RU,43200
Tabas,33.5959,56.9244,55.18,18,0,1.95,IR,12600
Zeya,53.75,127.2667,38.21,68,13,1.48,RU,32400
Atar,20.5169,-13.0499,79.54,17,0,7.09,MR,0
Nemuro,43.3236,145.575,43.23,67,6,15.43,JP,32400
Chicama,-7.8447,-79.1469,59.54,78,40,7.16,PE,-18000
Oranjemund,-28.55,16.4333,56.35,83,0,14.0,NA,7200
Doka,13.5167,35.7667,76.01,54,4,5.44,SD,7200
Povenets,62.8487,34.8262,33.3,82,100,9.37,RU,10800
Yar-Sale,66.8333,70.8333,28.04,95,99,11.01,RU,18000
Tahoua,14.8888,5.2692,83.52,40,84,6.04,NE,3600
Yei,4.095,30.6779,66.99,92,53,2.04,SS,7200
Pacasmayo,-7.4006,-79.5714,64.53,83,67,14.67,PE,-18000
Pitimbu,-7.4706,-34.8086,79.39,80,56,11.9,BR,-10800
Lakes Entrance,-37.8811,147.981,59.16,59,93,17.85,AU,39600
Grand Forks,47.9417,-97.4337,39.58,73,20,4.61,US,-18000
Ben Gardane,33.1378,11.2197,73.56,81,100,9.75,TN,3600
Richards Bay,-28.783,32.0377,68.02,73,97,18.66,ZA,7200
Constitución,-35.3333,-72.4167,51.03,85,0,14.03,CL,-10800
Tingi,-11.3,35.0333,67.08,57,24,4.68,TZ,10800
Waipawa,-41.4122,175.5153,57.83,73,99,4.5,NZ,46800
Lingao,19.9103,109.6859,69.96,84,100,12.06,CN,28800
Contai,21.7786,87.7536,70.54,77,15,5.99,IN,19800
Imbituba,-28.24,-48.6703,68.83,94,100,11.88,BR,-10800
Myaundzha,63.0494,147.1858,-2.88,94,18,2.3,RU,39600
Portree,57.4129,-6.1942,54.86,97,100,18.66,GB,3600
Kamsack,51.5667,-101.9009,38.57,62,34,10.49,CA,-21600
Eenhana,-17.4667,16.3333,67.55,16,9,2.62,NA,7200
Pisco,-13.7,-76.2167,63.01,82,0,18.41,PE,-18000
Srandakan,-7.9386,110.2506,80.15,79,88,4.07,ID,25200
Lüshunkou,38.8,121.2667,57.9,88,0,6.73,CN,28800
Ugoofaaru,5.6667,73.0,82.08,72,96,15.86,MV,18000
Wieluń,51.221,18.5696,39.88,88,8,7.94,PL,7200
Clonakilty,51.6231,-8.8706,56.41,90,100,15.77,IE,3600
Sestri Levante,44.2732,9.3968,61.61,73,1,3.0,IT,7200
Acarí,-15.4311,-74.6158,65.39,74,30,5.66,PE,-18000
Flinders,-34.5833,150.8552,71.8,65,70,7.0,AU,39600
Sechura,-5.5569,-80.8222,67.3,75,94,17.6,PE,-18000
Kharp,66.8014,65.8081,25.61,89,100,11.54,RU,18000
Kez,57.8979,53.7152,35.87,95,59,4.05,RU,14400
Moberly,39.4184,-92.4382,55.92,74,90,8.05,US,-18000
Metro,-5.1131,105.3067,78.53,81,68,2.44,ID,25200
Lamu,-2.2717,40.902,77.22,82,43,7.02,KE,10800
Orapa,-21.2833,25.3667,73.87,15,5,13.22,BW,7200
Syracuse,37.0881,15.2792,73.45,89,100,16.64,IT,7200
Nerchinskiy Zavod,51.3088,119.61,32.16,75,0,3.29,RU,32400
San Patricio,28.017,-97.5169,81.01,66,6,10.6,US,-18000
Praia da Vitória,38.7333,-27.0667,65.75,79,14,12.59,PT,0
Urut,41.0714,44.3964,30.96,59,0,4.81,AM,14400
Pallisa,1.145,33.7094,65.41,82,31,1.21,UG,10800
Russell,32.3502,-85.1999,65.8,82,1,0.0,US,-18000
Patrocínio,-18.9439,-46.9925,78.31,43,69,5.48,BR,-10800
Rāmānuj Ganj,23.8,83.7,62.19,72,0,2.44,IN,19800
Lüderitz,-26.6481,15.1594,56.53,73,0,17.67,NA,7200
Tālcher,20.95,85.2167,66.79,74,69,2.39,IN,19800
Saint-Augustin,51.226,-58.6502,40.26,91,100,15.01,CA,-14400
Moramanga,-18.9333,48.2,62.29,96,17,1.95,MG,10800
Ishinomaki,38.4167,141.3,54.39,68,6,6.44,JP,32400
Belaya Gora,68.5333,146.4167,-6.97,90,84,4.9,RU,39600
Umluj,25.0213,37.2685,77.18,62,0,10.98,SA,10800
Pilar,-9.5972,-35.9567,75.99,87,36,9.22,BR,-10800
Luorong,24.4058,109.6086,59.95,70,76,6.02,CN,28800
Oloron-Sainte-Marie,43.1944,-0.6107,44.17,71,0,3.69,FR,7200
Krasnoborsk,61.5598,45.934,31.28,93,100,5.59,RU,10800
Okakarara,-20.5833,17.4333,64.92,16,0,6.91,NA,7200
Dergachi,51.2328,48.7659,52.72,88,100,10.85,RU,14400
Ituiutaba,-18.9689,-49.465,81.46,45,35,7.4,BR,-10800
Hamilton,39.1834,-84.5333,56.66,83,90,3.44,US,-14400
Beidao,34.5686,105.8933,48.25,84,84,1.74,CN,28800
Surgut,61.25,73.4167,39.38,93,40,15.66,RU,18000
Troitsko-Pechorsk,62.7084,56.1964,30.58,72,98,5.35,RU,10800
Jiexiu,37.0244,111.9125,49.14,66,9,3.42,CN,28800
Jiuquan,39.7432,98.5174,40.66,43,65,7.54,CN,28800
Bintulu,3.1667,113.0333,76.55,90,98,3.11,MY,28800
Abong Mbang,3.9833,13.1833,66.4,99,100,2.06,CM,3600
Wasilla,61.5814,-149.4394,46.94,61,75,1.99,US,-28800
Paamiut,61.994,-49.6678,31.86,49,77,10.58,GL,-7200
Chilliwack,49.1747,-121.9443,54.77,91,100,1.28,CA,-25200
Jaciara,-15.9653,-54.9683,83.03,59,83,7.05,BR,-14400
Mossamedes,-15.1961,12.1522,64.06,74,59,8.72,AO,3600
Klyuchi,52.2667,79.1667,46.13,65,94,16.98,RU,25200
Boca do Acre,-8.7522,-67.3978,79.7,74,90,3.22,BR,-14400
Lakselv,70.0513,24.9718,26.42,80,99,5.75,NO,7200
Uruburetama,-3.625,-39.5083,76.59,81,72,3.98,BR,-10800
Jaisalmer,26.9147,70.9181,72.88,47,0,14.0,IN,19800
Bhongaon,27.25,79.1833,71.29,63,0,4.61,IN,19800
Bilma,18.6853,12.9164,80.35,15,18,6.53,NE,3600
Peleduy,59.6289,112.7406,34.56,84,100,11.41,RU,32400
Camopi,3.1655,-52.3158,74.53,94,99,3.78,GF,-10800
Puerto Ayacucho,5.6639,-67.6236,78.28,87,69,1.74,VE,-14400
Balyqshy,47.0667,51.8667,42.8,81,0,2.24,KZ,18000
Salta,-24.7859,-65.4117,67.57,54,46,4.0,AR,-10800
Dimbokro,6.6451,-4.7048,72.66,98,93,2.48,CI,0
Nassau,40.7507,-73.5829,58.98,70,90,0.0,US,-14400
Areia Branca,-4.9561,-37.1369,80.65,76,37,17.27,BR,-10800
Sibolga,1.7427,98.7792,76.33,89,100,2.77,ID,25200
Celestún,20.8667,-90.4,80.01,79,85,10.09,MX,-18000
Raudeberg,61.9875,5.1352,48.87,81,100,14.0,NO,7200
Godhra,22.75,73.6333,68.88,86,1,6.46,IN,19800
Miraflores,19.2167,-98.8083,68.04,87,100,5.64,MX,-18000
Santa Marta,11.2408,-74.199,81.36,83,42,8.01,CO,-18000
Zheleznodorozhnyy,55.7503,38.0042,41.22,86,59,9.46,RU,10800
High Level,58.5169,-117.136,40.59,72,100,9.57,CA,-21600
Virginia Beach,36.8529,-75.978,66.04,75,20,5.75,US,-14400
Moen,69.1304,18.6123,32.45,100,90,0.0,NO,7200
Ketchikan,55.3422,-131.6461,45.07,93,90,14.97,US,-28800
Pandan,14.0453,124.1694,81.0,84,100,8.1,PH,28800
Izumiōtsu,34.5,135.4,59.68,66,75,5.75,JP,32400
Loa Janan,-0.583,117.095,78.66,88,100,2.06,ID,28800
Tangkak,2.2673,102.5453,76.87,91,89,3.22,MY,28800
Saint Anthony,45.0205,-93.218,47.82,63,1,3.44,US,-18000
Marawi,7.9986,124.2928,72.64,76,73,2.89,PH,28800
Ouallam,14.3188,2.0866,85.24,51,76,10.42,NE,3600
Port Blair,11.6667,92.75,79.56,80,98,5.59,IN,19800
Beyneu,45.3167,55.2,49.96,29,1,11.16,KZ,18000
Bayan,46.0833,127.4,42.85,55,5,8.84,CN,28800
Kiryat Gat,31.61,34.7642,68.68,100,0,3.31,IL,10800
Watrous,51.6668,-105.4679,42.48,54,96,18.45,CA,-21600
Pāsighāt,28.0667,95.3333,68.22,88,46,2.77,IN,19800
San Felipe,10.3399,-68.7425,73.33,99,90,2.71,VE,-14400
Krasnovishersk,60.4078,57.082,37.72,88,95,6.55,RU,18000
Soma,39.1855,27.6094,48.38,80,18,4.07,TR,10800
Bandarbeyla,9.4942,50.8122,77.16,80,15,5.97,SO,10800
Qaqortoq,60.7167,-46.0333,34.3,73,36,4.41,GL,-7200
Saiha,22.4833,92.9667,62.1,90,33,3.36,IN,19800
Waddān,29.1614,16.139,79.21,21,86,11.25,LY,7200
Naryan-Mar,67.6713,53.087,25.86,90,34,7.74,RU,10800
Vila Velha,-20.3297,-40.2925,73.35,88,75,9.22,BR,-10800
Bouaké,7.6895,-5.0218,72.27,94,100,4.5,CI,0
Coquimbo,-29.9533,-71.3436,58.73,72,0,2.3,CL,-10800
Kemijärvi,66.7131,27.4306,16.81,95,46,3.96,FI,10800
Monroe,43.1501,-77.6831,45.95,82,75,0.0,US,-14400
Puro,12.4841,123.3827,80.02,81,100,3.13,PH,28800
Huanren,41.2647,125.3667,43.92,66,0,2.01,CN,28800
Faya,18.3851,42.4509,54.12,27,3,4.38,SA,10800
Borovoy,55.4333,86.0833,42.08,87,90,20.13,RU,25200
Rudnogorsk,57.2639,103.7519,32.11,82,77,10.09,RU,28800
Wundanyi,-3.4019,38.364,60.8,77,66,1.05,KE,10800
Montreal,45.5088,-73.5878,43.02,71,90,1.99,CA,-14400
Kilosa,-6.8333,36.9833,69.73,88,6,2.84,TZ,10800
Marsh Harbour,26.5412,-77.0636,79.81,77,84,11.95,BS,-14400
Souris,49.6172,-100.2612,39.74,64,36,9.75,CA,-18000
Lagoa,39.05,-27.9833,65.95,63,20,12.8,PT,0
Bembèrèkè,10.2283,2.6634,71.2,85,92,4.52,BJ,3600
Killam,52.7834,-111.8518,43.45,63,100,15.23,CA,-21600
Soavinandriana,-19.1667,46.7333,58.84,55,0,3.22,MG,10800
Paka,4.6374,103.4368,77.79,90,61,3.91,MY,28800
Mwene-Ditu,-7.0,23.45,68.92,79,28,0.34,CD,7200
